 &nam_mrf
 initfile="sanl.dat",
 fhmax=9600,
 fhout=24,
 deltim=1200,
 heldsuarez=.true.,
 nlons=192,
 nlats=94,
 nlevs=28,
 ntrunc=63,
 tstart=0.0,
 ntrac=1,
 ntracin=1,
 pdryini=1e5,
 idate_start=18,7,14,2011,
 /
 &END

 &dynamics_list
ak=0.00000000,566.898010,1290.53296,2210.97900,3376.51611,4844.03613,6678.60791,8913.76660,11343.6543,13671.4268,15613.5645,16912.1309,17364.6582,16959.9941,15812.9258,14089.5352,11991.4277,9731.80664,7508.53223,5481.14404,3757.14209,2389.20508,1381.52600,701.453003,292.576996,86.4570007,11.6350002,8.99999961E-03,0.00000000,
bk=0.00000000,0.00000000,0.00000000,0.00000000,0.00000000,0.00000000,0.00000000,3.78680008E-04,3.93276010E-03,1.43262697E-02,3.49500999E-02,6.86749965E-02,0.117417611,0.180667043,0.256084293,0.340293199,0.429195374,0.518456697,0.604054928,0.682746828,0.752347112,0.811784863,0.860974848,0.900580883,0.931749582,0.955872416,0.974401832,0.988725841,1.00000000 
 /
 &END
 
